[gd_scene load_steps=11 format=3 uid="uid://ckraltnh0no7s"]

[ext_resource type="Script" uid="uid://bueje60u7w654" path="res://Scripts/scr_sceneRespawnPointManager.gd" id="1_hjk4y"]
[ext_resource type="PackedScene" uid="uid://dgh7jmpwl2s6r" path="res://3d Models/objects/environment/outside/burger.glb" id="3_2qhx2"]
[ext_resource type="Material" uid="uid://b1g4mk5l5dnr2" path="res://materials/Grass.tres" id="3_iag5r"]
[ext_resource type="PackedScene" uid="uid://jr1hjqhit2g7" path="res://Scenes/objects/Respawn Points/scn_Respawn_Standard.tscn" id="5_00pt0"]
[ext_resource type="PackedScene" uid="uid://c5o3p4irfkgy3" path="res://3d Models/objects/billboard_exported.glb" id="5_tddp3"]
[ext_resource type="PackedScene" uid="uid://ckh4s10vul0vn" path="res://Scenes/objects/characters/scn_BurgerMan.tscn" id="7_2qhx2"]
[ext_resource type="PackedScene" uid="uid://3qo8l71slvw2" path="res://Scenes/objects/Static/Tree.tscn" id="7_hjk4y"]
[ext_resource type="PackedScene" uid="uid://dgn513m7f2ln2" path="res://3d Models/objects/environment/outside/table.glb" id="8_cljva"]

[sub_resource type="BoxShape3D" id="BoxShape3D_756tr"]

[sub_resource type="BoxShape3D" id="BoxShape3D_00pt0"]
size = Vector3(2.15894, 1.89954, 4.4342)

[node name="Burger Land" type="Node3D"]
script = ExtResource("1_hjk4y")

[node name="objects" type="Node3D" parent="."]

[node name="Interactibles" type="Node3D" parent="objects"]

[node name="Collisions" type="Node3D" parent="objects"]

[node name="ground" type="CSGBox3D" parent="objects/Collisions"]
transform = Transform3D(1, 0, 0, 0, 1, 0, 0, 0, 1, 0, -0.5, 0)
use_collision = true
size = Vector3(25, 1, 25)
material = ExtResource("3_iag5r")

[node name="Burgers" type="Node3D" parent="objects/Collisions"]
transform = Transform3D(1, 0, 0, 0, 1, 0, 0, 0, 1, 3.36985, 0, 2.40893)

[node name="burger2" parent="objects/Collisions/Burgers" instance=ExtResource("3_2qhx2")]
transform = Transform3D(1, 0, 0, 0, 1, 0, 0, 0, 1, -5.15669, 1.49145, -0.40893)

[node name="StaticBody3D" type="StaticBody3D" parent="objects/Collisions/Burgers/burger2"]

[node name="CollisionShape3D" type="CollisionShape3D" parent="objects/Collisions/Burgers/burger2/StaticBody3D"]
transform = Transform3D(1, 0, 0, 0, 1, 0, 0, 0, 1, 0, 0.414063, 0)
shape = SubResource("BoxShape3D_756tr")

[node name="burger3" parent="objects/Collisions/Burgers" instance=ExtResource("3_2qhx2")]
transform = Transform3D(1, 0, 0, 0, 1, 0, 0, 0, 1, 0.478051, -0.0634902, -3.42073)

[node name="StaticBody3D" type="StaticBody3D" parent="objects/Collisions/Burgers/burger3"]

[node name="CollisionShape3D" type="CollisionShape3D" parent="objects/Collisions/Burgers/burger3/StaticBody3D"]
transform = Transform3D(1, 0, 0, 0, 1, 0, 0, 0, 1, 0, 0.414063, 0)
shape = SubResource("BoxShape3D_756tr")

[node name="burger4" parent="objects/Collisions/Burgers" instance=ExtResource("3_2qhx2")]
transform = Transform3D(1, 0, 0, 0, 1, 0, 0, 0, 1, 1.76661, -0.0634902, -4.06998)

[node name="StaticBody3D" type="StaticBody3D" parent="objects/Collisions/Burgers/burger4"]

[node name="CollisionShape3D" type="CollisionShape3D" parent="objects/Collisions/Burgers/burger4/StaticBody3D"]
transform = Transform3D(1, 0, 0, 0, 1, 0, 0, 0, 1, 0, 0.414063, 0)
shape = SubResource("BoxShape3D_756tr")

[node name="burger5" parent="objects/Collisions/Burgers" instance=ExtResource("3_2qhx2")]
transform = Transform3D(1, 0, 0, 0, 1, 0, 0, 0, 1, 0.650736, -0.0634902, -4.72402)

[node name="StaticBody3D" type="StaticBody3D" parent="objects/Collisions/Burgers/burger5"]

[node name="CollisionShape3D" type="CollisionShape3D" parent="objects/Collisions/Burgers/burger5/StaticBody3D"]
transform = Transform3D(1, 0, 0, 0, 1, 0, 0, 0, 1, 0, 0.414063, 0)
shape = SubResource("BoxShape3D_756tr")

[node name="burger6" parent="objects/Collisions/Burgers" instance=ExtResource("3_2qhx2")]
transform = Transform3D(0.958178, 0, 0.286173, 0, 1, 0, -0.286173, 0, 0.958178, 1.67148, -0.0634902, -2.73303)

[node name="StaticBody3D" type="StaticBody3D" parent="objects/Collisions/Burgers/burger6"]

[node name="CollisionShape3D" type="CollisionShape3D" parent="objects/Collisions/Burgers/burger6/StaticBody3D"]
transform = Transform3D(1, 0, 0, 0, 1, 0, 0, 0, 1, 0, 0.414063, 0)
shape = SubResource("BoxShape3D_756tr")

[node name="burger7" parent="objects/Collisions/Burgers" instance=ExtResource("3_2qhx2")]
transform = Transform3D(1, 0, 0, 0, 1, 0, 0, 0, 1, 2.88499, -0.0634902, -3.48586)

[node name="StaticBody3D" type="StaticBody3D" parent="objects/Collisions/Burgers/burger7"]

[node name="CollisionShape3D" type="CollisionShape3D" parent="objects/Collisions/Burgers/burger7/StaticBody3D"]
transform = Transform3D(1, 0, 0, 0, 1, 0, 0, 0, 1, 0, 0.414063, 0)
shape = SubResource("BoxShape3D_756tr")

[node name="burger8" parent="objects/Collisions/Burgers" instance=ExtResource("3_2qhx2")]
transform = Transform3D(1, 0, 0, 0, 1, 0, 0, 0, 1, 2.22714, 0.733192, -3.63734)

[node name="StaticBody3D" type="StaticBody3D" parent="objects/Collisions/Burgers/burger8"]

[node name="CollisionShape3D" type="CollisionShape3D" parent="objects/Collisions/Burgers/burger8/StaticBody3D"]
transform = Transform3D(1, 0, 0, 0, 1, 0, 0, 0, 1, 0, 0.414063, 0)
shape = SubResource("BoxShape3D_756tr")

[node name="burger9" parent="objects/Collisions/Burgers" instance=ExtResource("3_2qhx2")]
transform = Transform3D(0.963631, 0.00482163, 0.267191, -0.00497038, 0.999988, -0.000119608, -0.267189, -0.00121278, 0.963643, 1.1032, 0.733192, -3.23051)

[node name="StaticBody3D" type="StaticBody3D" parent="objects/Collisions/Burgers/burger9"]

[node name="CollisionShape3D" type="CollisionShape3D" parent="objects/Collisions/Burgers/burger9/StaticBody3D"]
transform = Transform3D(1, 0, 0, 0, 1, 0, 0, 0, 1, 0, 0.414063, 0)
shape = SubResource("BoxShape3D_756tr")

[node name="burger10" parent="objects/Collisions/Burgers" instance=ExtResource("3_2qhx2")]
transform = Transform3D(1, 0, 0, 0, 1, 0, 0, 0, 1, 1.90672, 0.044194, -5.07339)

[node name="StaticBody3D" type="StaticBody3D" parent="objects/Collisions/Burgers/burger10"]

[node name="CollisionShape3D" type="CollisionShape3D" parent="objects/Collisions/Burgers/burger10/StaticBody3D"]
transform = Transform3D(1, 0, 0, 0, 1, 0, 0, 0, 1, 0, 0.414063, 0)
shape = SubResource("BoxShape3D_756tr")

[node name="burger11" parent="objects/Collisions/Burgers" instance=ExtResource("3_2qhx2")]
transform = Transform3D(0.993322, 0, 0.115371, 0, 1, 0, -0.115371, 0, 0.993322, 3.98212, 0.044194, -1.89545)

[node name="StaticBody3D" type="StaticBody3D" parent="objects/Collisions/Burgers/burger11"]

[node name="CollisionShape3D" type="CollisionShape3D" parent="objects/Collisions/Burgers/burger11/StaticBody3D"]
transform = Transform3D(1, 0, 0, 0, 1, 0, 0, 0, 1, 0, 0.414063, 0)
shape = SubResource("BoxShape3D_756tr")

[node name="burger12" parent="objects/Collisions/Burgers" instance=ExtResource("3_2qhx2")]
transform = Transform3D(0.406705, 0, -0.91356, 0, 1, 0, 0.91356, 0, 0.406705, 1.62244, 1.52723, -3.49747)

[node name="StaticBody3D" type="StaticBody3D" parent="objects/Collisions/Burgers/burger12"]

[node name="CollisionShape3D" type="CollisionShape3D" parent="objects/Collisions/Burgers/burger12/StaticBody3D"]
transform = Transform3D(1, 0, 0, 0, 1, 0, 0, 0, 1, 0, 0.414063, 0)
shape = SubResource("BoxShape3D_756tr")

[node name="burger13" parent="objects/Collisions/Burgers" instance=ExtResource("3_2qhx2")]
transform = Transform3D(0.866357, 0, 0.499425, 0, 1, 0, -0.499425, 0, 0.866357, -8.8001, -0.0634902, -2.61276)

[node name="StaticBody3D" type="StaticBody3D" parent="objects/Collisions/Burgers/burger13"]

[node name="CollisionShape3D" type="CollisionShape3D" parent="objects/Collisions/Burgers/burger13/StaticBody3D"]
transform = Transform3D(1, 0, 0, 0, 1, 0, 0, 0, 1, 0, 0.414063, 0)
shape = SubResource("BoxShape3D_756tr")

[node name="burger14" parent="objects/Collisions/Burgers" instance=ExtResource("3_2qhx2")]
transform = Transform3D(0.438481, 0, 0.89874, 0, 1, 0, -0.89874, 0, 0.438481, -8.8186, -0.0634902, -4.05552)

[node name="StaticBody3D" type="StaticBody3D" parent="objects/Collisions/Burgers/burger14"]

[node name="CollisionShape3D" type="CollisionShape3D" parent="objects/Collisions/Burgers/burger14/StaticBody3D"]
transform = Transform3D(1, 0, 0, 0, 1, 0, 0, 0, 1, 0, 0.414063, 0)
shape = SubResource("BoxShape3D_756tr")

[node name="burger15" parent="objects/Collisions/Burgers" instance=ExtResource("3_2qhx2")]
transform = Transform3D(0.660349, 0.0007466, 0.750958, -0.000987781, 0.999999, -0.000125574, -0.750958, -0.00065884, 0.66035, -9.8957, -0.0634902, -3.33942)

[node name="StaticBody3D" type="StaticBody3D" parent="objects/Collisions/Burgers/burger15"]

[node name="CollisionShape3D" type="CollisionShape3D" parent="objects/Collisions/Burgers/burger15/StaticBody3D"]
transform = Transform3D(1, 0, 0, 0, 1, 0, 0, 0, 1, 0, 0.414063, 0)
shape = SubResource("BoxShape3D_756tr")

[node name="burger16" parent="objects/Collisions/Burgers" instance=ExtResource("3_2qhx2")]
transform = Transform3D(0.438481, 0, 0.89874, 0, 1, 0, -0.89874, 0, 0.438481, -7.65874, -0.0634902, -3.3838)

[node name="StaticBody3D" type="StaticBody3D" parent="objects/Collisions/Burgers/burger16"]

[node name="CollisionShape3D" type="CollisionShape3D" parent="objects/Collisions/Burgers/burger16/StaticBody3D"]
transform = Transform3D(1, 0, 0, 0, 1, 0, 0, 0, 1, 0, 0.414063, 0)
shape = SubResource("BoxShape3D_756tr")

[node name="burger17" parent="objects/Collisions/Burgers" instance=ExtResource("3_2qhx2")]
transform = Transform3D(0.438481, 0, 0.89874, 0, 1, 0, -0.89874, 0, 0.438481, -7.80324, -0.0634902, -4.80453)

[node name="StaticBody3D" type="StaticBody3D" parent="objects/Collisions/Burgers/burger17"]

[node name="CollisionShape3D" type="CollisionShape3D" parent="objects/Collisions/Burgers/burger17/StaticBody3D"]
transform = Transform3D(1, 0, 0, 0, 1, 0, 0, 0, 1, 0, 0.414063, 0)
shape = SubResource("BoxShape3D_756tr")

[node name="burger18" parent="objects/Collisions/Burgers" instance=ExtResource("3_2qhx2")]
transform = Transform3D(0.438481, 0, 0.89874, 0, 1, 0, -0.89874, 0, 0.438481, -8.22784, 0.733192, -4.27972)

[node name="StaticBody3D" type="StaticBody3D" parent="objects/Collisions/Burgers/burger18"]

[node name="CollisionShape3D" type="CollisionShape3D" parent="objects/Collisions/Burgers/burger18/StaticBody3D"]
transform = Transform3D(1, 0, 0, 0, 1, 0, 0, 0, 1, 0, 0.414063, 0)
shape = SubResource("BoxShape3D_756tr")

[node name="burger19" parent="objects/Collisions/Burgers" instance=ExtResource("3_2qhx2")]
transform = Transform3D(0.438481, 0, 0.89874, 0, 1, 0, -0.89874, 0, 0.438481, -8.35503, 0.733192, -3.09119)

[node name="StaticBody3D" type="StaticBody3D" parent="objects/Collisions/Burgers/burger19"]

[node name="CollisionShape3D" type="CollisionShape3D" parent="objects/Collisions/Burgers/burger19/StaticBody3D"]
transform = Transform3D(1, 0, 0, 0, 1, 0, 0, 0, 1, 0, 0.414063, 0)
shape = SubResource("BoxShape3D_756tr")

[node name="burger20" parent="objects/Collisions/Burgers" instance=ExtResource("3_2qhx2")]
transform = Transform3D(0.438481, 0, 0.89874, 0, 1, 0, -0.89874, 0, 0.438481, -9.65897, 0.044194, -4.62142)

[node name="StaticBody3D" type="StaticBody3D" parent="objects/Collisions/Burgers/burger20"]

[node name="CollisionShape3D" type="CollisionShape3D" parent="objects/Collisions/Burgers/burger20/StaticBody3D"]
transform = Transform3D(1, 0, 0, 0, 1, 0, 0, 0, 1, 0, 0.414063, 0)
shape = SubResource("BoxShape3D_756tr")

[node name="burger21" parent="objects/Collisions/Burgers" instance=ExtResource("3_2qhx2")]
transform = Transform3D(0.145064, 0, 0.989422, 0, 1, 0, -0.989422, 0, 0.145064, -8.36728, 1.52723, -3.67492)

[node name="StaticBody3D" type="StaticBody3D" parent="objects/Collisions/Burgers/burger21"]

[node name="CollisionShape3D" type="CollisionShape3D" parent="objects/Collisions/Burgers/burger21/StaticBody3D"]
transform = Transform3D(1, 0, 0, 0, 1, 0, 0, 0, 1, 0, 0.414063, 0)
shape = SubResource("BoxShape3D_756tr")

[node name="burger23" parent="objects/Collisions/Burgers" instance=ExtResource("3_2qhx2")]
transform = Transform3D(-0.981182, 0, 0.193087, 0, 1, 0, -0.193087, 0, -0.981182, -6.10747, -0.0634892, -5.20945)

[node name="StaticBody3D" type="StaticBody3D" parent="objects/Collisions/Burgers/burger23"]

[node name="CollisionShape3D" type="CollisionShape3D" parent="objects/Collisions/Burgers/burger23/StaticBody3D"]
transform = Transform3D(1, 0, 0, 0, 1, 0, 0, 0, 1, 0, 0.414063, 0)
shape = SubResource("BoxShape3D_756tr")

[node name="burger25" parent="objects/Collisions/Burgers" instance=ExtResource("3_2qhx2")]
transform = Transform3D(-0.981182, 0, 0.193087, 0, 1, 0, -0.193087, 0, -0.981182, -5.75599, -0.0634892, -6.50288)

[node name="StaticBody3D" type="StaticBody3D" parent="objects/Collisions/Burgers/burger25"]

[node name="CollisionShape3D" type="CollisionShape3D" parent="objects/Collisions/Burgers/burger25/StaticBody3D"]
transform = Transform3D(1, 0, 0, 0, 1, 0, 0, 0, 1, 0, 0.414063, 0)
shape = SubResource("BoxShape3D_756tr")

[node name="burger26" parent="objects/Collisions/Burgers" instance=ExtResource("3_2qhx2")]
transform = Transform3D(-0.981182, 0, 0.193087, 0, 1, 0, -0.193087, 0, -0.981182, -7.09202, -0.0634892, -5.99853)

[node name="StaticBody3D" type="StaticBody3D" parent="objects/Collisions/Burgers/burger26"]

[node name="CollisionShape3D" type="CollisionShape3D" parent="objects/Collisions/Burgers/burger26/StaticBody3D"]
transform = Transform3D(1, 0, 0, 0, 1, 0, 0, 0, 1, 0, 0.414063, 0)
shape = SubResource("BoxShape3D_756tr")

[node name="burger27" parent="objects/Collisions/Burgers" instance=ExtResource("3_2qhx2")]
transform = Transform3D(-0.981182, 0, 0.193087, 0, 1, 0, -0.193087, 0, -0.981182, -6.4758, 0.733193, -5.72287)

[node name="StaticBody3D" type="StaticBody3D" parent="objects/Collisions/Burgers/burger27"]

[node name="CollisionShape3D" type="CollisionShape3D" parent="objects/Collisions/Burgers/burger27/StaticBody3D"]
transform = Transform3D(1, 0, 0, 0, 1, 0, 0, 0, 1, 0, 0.414063, 0)
shape = SubResource("BoxShape3D_756tr")

[node name="burger29" parent="objects/Collisions/Burgers" instance=ExtResource("3_2qhx2")]
transform = Transform3D(-0.981182, 0, 0.193087, 0, 1, 0, -0.193087, 0, -0.981182, -6.43869, 0.0441949, -4.25198)

[node name="StaticBody3D" type="StaticBody3D" parent="objects/Collisions/Burgers/burger29"]

[node name="CollisionShape3D" type="CollisionShape3D" parent="objects/Collisions/Burgers/burger29/StaticBody3D"]
transform = Transform3D(1, 0, 0, 0, 1, 0, 0, 0, 1, 0, 0.414063, 0)
shape = SubResource("BoxShape3D_756tr")

[node name="burger30" parent="objects/Collisions/Burgers" instance=ExtResource("3_2qhx2")]
transform = Transform3D(-0.972541, 0, -0.232733, 0, 1, 0, 0.232733, 0, -0.972541, -6.47735, 1.52723, -5.74335)

[node name="StaticBody3D" type="StaticBody3D" parent="objects/Collisions/Burgers/burger30"]

[node name="CollisionShape3D" type="CollisionShape3D" parent="objects/Collisions/Burgers/burger30/StaticBody3D"]
transform = Transform3D(1, 0, 0, 0, 1, 0, 0, 0, 1, 0, 0.414063, 0)
shape = SubResource("BoxShape3D_756tr")

[node name="burger31" parent="objects/Collisions/Burgers" instance=ExtResource("3_2qhx2")]
transform = Transform3D(-0.530674, 0, 0.847576, 0, 1, 0, -0.847576, 0, -0.530674, -7.68045, 1.06746, -4.97103)

[node name="StaticBody3D" type="StaticBody3D" parent="objects/Collisions/Burgers/burger31"]

[node name="CollisionShape3D" type="CollisionShape3D" parent="objects/Collisions/Burgers/burger31/StaticBody3D"]
transform = Transform3D(1, 0, 0, 0, 1, 0, 0, 0, 1, 0, 0.414063, 0)
shape = SubResource("BoxShape3D_756tr")

[node name="burger32" parent="objects/Collisions/Burgers" instance=ExtResource("3_2qhx2")]
transform = Transform3D(-0.530674, 0, 0.847576, 0, 1, 0, -0.847576, 0, -0.530674, -8.91455, 1.06746, -5.71864)

[node name="StaticBody3D" type="StaticBody3D" parent="objects/Collisions/Burgers/burger32"]

[node name="CollisionShape3D" type="CollisionShape3D" parent="objects/Collisions/Burgers/burger32/StaticBody3D"]
transform = Transform3D(1, 0, 0, 0, 1, 0, 0, 0, 1, 0, 0.414063, 0)
shape = SubResource("BoxShape3D_756tr")

[node name="burger33" parent="objects/Collisions/Burgers" instance=ExtResource("3_2qhx2")]
transform = Transform3D(-0.530674, 0, 0.847576, 0, 1, 0, -0.847576, 0, -0.530674, -8.87672, 1.06746, -4.42577)

[node name="StaticBody3D" type="StaticBody3D" parent="objects/Collisions/Burgers/burger33"]

[node name="CollisionShape3D" type="CollisionShape3D" parent="objects/Collisions/Burgers/burger33/StaticBody3D"]
transform = Transform3D(1, 0, 0, 0, 1, 0, 0, 0, 1, 0, 0.414063, 0)
shape = SubResource("BoxShape3D_756tr")

[node name="burger34" parent="objects/Collisions/Burgers" instance=ExtResource("3_2qhx2")]
transform = Transform3D(-0.530674, 0, 0.847576, 0, 1, 0, -0.847576, 0, -0.530674, -7.7309, 1.06746, -6.34749)

[node name="StaticBody3D" type="StaticBody3D" parent="objects/Collisions/Burgers/burger34"]

[node name="CollisionShape3D" type="CollisionShape3D" parent="objects/Collisions/Burgers/burger34/StaticBody3D"]
transform = Transform3D(1, 0, 0, 0, 1, 0, 0, 0, 1, 0, 0.414063, 0)
shape = SubResource("BoxShape3D_756tr")

[node name="burger35" parent="objects/Collisions/Burgers" instance=ExtResource("3_2qhx2")]
transform = Transform3D(-0.530674, 0, 0.847576, 0, 1, 0, -0.847576, 0, -0.530674, -9.01295, 1.06746, -6.97653)

[node name="StaticBody3D" type="StaticBody3D" parent="objects/Collisions/Burgers/burger35"]

[node name="CollisionShape3D" type="CollisionShape3D" parent="objects/Collisions/Burgers/burger35/StaticBody3D"]
transform = Transform3D(1, 0, 0, 0, 1, 0, 0, 0, 1, 0, 0.414063, 0)
shape = SubResource("BoxShape3D_756tr")

[node name="burger36" parent="objects/Collisions/Burgers" instance=ExtResource("3_2qhx2")]
transform = Transform3D(-0.530674, 0, 0.847576, 0, 1, 0, -0.847576, 0, -0.530674, -8.79224, 1.86414, -6.33856)

[node name="StaticBody3D" type="StaticBody3D" parent="objects/Collisions/Burgers/burger36"]

[node name="CollisionShape3D" type="CollisionShape3D" parent="objects/Collisions/Burgers/burger36/StaticBody3D"]
transform = Transform3D(1, 0, 0, 0, 1, 0, 0, 0, 1, 0, 0.414063, 0)
shape = SubResource("BoxShape3D_756tr")

[node name="burger37" parent="objects/Collisions/Burgers" instance=ExtResource("3_2qhx2")]
transform = Transform3D(-0.530674, 0, 0.847576, 0, 1, 0, -0.847576, 0, -0.530674, -7.85098, 1.86414, -5.60183)

[node name="StaticBody3D" type="StaticBody3D" parent="objects/Collisions/Burgers/burger37"]

[node name="CollisionShape3D" type="CollisionShape3D" parent="objects/Collisions/Burgers/burger37/StaticBody3D"]
transform = Transform3D(1, 0, 0, 0, 1, 0, 0, 0, 1, 0, 0.414063, 0)
shape = SubResource("BoxShape3D_756tr")

[node name="burger38" parent="objects/Collisions/Burgers" instance=ExtResource("3_2qhx2")]
transform = Transform3D(-0.530674, 0, 0.847576, 0, 1, 0, -0.847576, 0, -0.530674, -9.83936, 1.17515, -5.3049)

[node name="StaticBody3D" type="StaticBody3D" parent="objects/Collisions/Burgers/burger38"]

[node name="CollisionShape3D" type="CollisionShape3D" parent="objects/Collisions/Burgers/burger38/StaticBody3D"]
transform = Transform3D(1, 0, 0, 0, 1, 0, 0, 0, 1, 0, 0.414063, 0)
shape = SubResource("BoxShape3D_756tr")

[node name="burger39" parent="objects/Collisions/Burgers" instance=ExtResource("3_2qhx2")]
transform = Transform3D(-0.0490241, 0, 0.998798, 0, 1, 0, -0.998798, 0, -0.0490241, -8.3528, 2.65818, -5.90026)

[node name="StaticBody3D" type="StaticBody3D" parent="objects/Collisions/Burgers/burger39"]

[node name="CollisionShape3D" type="CollisionShape3D" parent="objects/Collisions/Burgers/burger39/StaticBody3D"]
transform = Transform3D(1, 0, 0, 0, 1, 0, 0, 0, 1, 0, 0.414063, 0)
shape = SubResource("BoxShape3D_756tr")

[node name="burger40" parent="objects/Collisions/Burgers" instance=ExtResource("3_2qhx2")]
transform = Transform3D(-0.659398, 0, 0.751794, 0, 1, 0, -0.751794, 0, -0.659398, -9.12777, -0.195804, -6.4067)

[node name="StaticBody3D" type="StaticBody3D" parent="objects/Collisions/Burgers/burger40"]

[node name="CollisionShape3D" type="CollisionShape3D" parent="objects/Collisions/Burgers/burger40/StaticBody3D"]
transform = Transform3D(1, 0, 0, 0, 1, 0, 0, 0, 1, 0, 0.414063, 0)
shape = SubResource("BoxShape3D_756tr")

[node name="burger41" parent="objects/Collisions/Burgers" instance=ExtResource("3_2qhx2")]
transform = Transform3D(-0.659398, 0, 0.751794, 0, 1, 0, -0.751794, 0, -0.659398, -10.4656, -0.195804, -6.94731)

[node name="StaticBody3D" type="StaticBody3D" parent="objects/Collisions/Burgers/burger41"]

[node name="CollisionShape3D" type="CollisionShape3D" parent="objects/Collisions/Burgers/burger41/StaticBody3D"]
transform = Transform3D(1, 0, 0, 0, 1, 0, 0, 0, 1, 0, 0.414063, 0)
shape = SubResource("BoxShape3D_756tr")

[node name="burger42" parent="objects/Collisions/Burgers" instance=ExtResource("3_2qhx2")]
transform = Transform3D(-0.659398, 0, 0.751794, 0, 1, 0, -0.751794, 0, -0.659398, -10.2214, -0.195804, -5.67713)

[node name="StaticBody3D" type="StaticBody3D" parent="objects/Collisions/Burgers/burger42"]

[node name="CollisionShape3D" type="CollisionShape3D" parent="objects/Collisions/Burgers/burger42/StaticBody3D"]
transform = Transform3D(1, 0, 0, 0, 1, 0, 0, 0, 1, 0, 0.414063, 0)
shape = SubResource("BoxShape3D_756tr")

[node name="burger43" parent="objects/Collisions/Burgers" instance=ExtResource("3_2qhx2")]
transform = Transform3D(-0.659398, 0, 0.751794, 0, 1, 0, -0.751794, 0, -0.659398, -9.39772, -0.195804, -7.75738)

[node name="StaticBody3D" type="StaticBody3D" parent="objects/Collisions/Burgers/burger43"]

[node name="CollisionShape3D" type="CollisionShape3D" parent="objects/Collisions/Burgers/burger43/StaticBody3D"]
transform = Transform3D(1, 0, 0, 0, 1, 0, 0, 0, 1, 0, 0.414063, 0)
shape = SubResource("BoxShape3D_756tr")

[node name="burger44" parent="objects/Collisions/Burgers" instance=ExtResource("3_2qhx2")]
transform = Transform3D(-0.659398, 0, 0.751794, 0, 1, 0, -0.751794, 0, -0.659398, -10.7639, -0.195804, -8.17327)

[node name="StaticBody3D" type="StaticBody3D" parent="objects/Collisions/Burgers/burger44"]

[node name="CollisionShape3D" type="CollisionShape3D" parent="objects/Collisions/Burgers/burger44/StaticBody3D"]
transform = Transform3D(1, 0, 0, 0, 1, 0, 0, 0, 1, 0, 0.414063, 0)
shape = SubResource("BoxShape3D_756tr")

[node name="burger45" parent="objects/Collisions/Burgers" instance=ExtResource("3_2qhx2")]
transform = Transform3D(-0.659398, 0, 0.751794, 0, 1, 0, -0.751794, 0, -0.659398, -10.444, 0.600878, -7.57882)

[node name="StaticBody3D" type="StaticBody3D" parent="objects/Collisions/Burgers/burger45"]

[node name="CollisionShape3D" type="CollisionShape3D" parent="objects/Collisions/Burgers/burger45/StaticBody3D"]
transform = Transform3D(1, 0, 0, 0, 1, 0, 0, 0, 1, 0, 0.414063, 0)
shape = SubResource("BoxShape3D_756tr")

[node name="burger46" parent="objects/Collisions/Burgers" instance=ExtResource("3_2qhx2")]
transform = Transform3D(-0.659398, 0, 0.751794, 0, 1, 0, -0.751794, 0, -0.659398, -9.39699, 0.600878, -7.0021)

[node name="StaticBody3D" type="StaticBody3D" parent="objects/Collisions/Burgers/burger46"]

[node name="CollisionShape3D" type="CollisionShape3D" parent="objects/Collisions/Burgers/burger46/StaticBody3D"]
transform = Transform3D(1, 0, 0, 0, 1, 0, 0, 0, 1, 0, 0.414063, 0)
shape = SubResource("BoxShape3D_756tr")

[node name="burger47" parent="objects/Collisions/Burgers" instance=ExtResource("3_2qhx2")]
transform = Transform3D(-0.659398, 0, 0.751794, 0, 1, 0, -0.751794, 0, -0.659398, -11.3123, -0.0881197, -6.39099)

[node name="StaticBody3D" type="StaticBody3D" parent="objects/Collisions/Burgers/burger47"]

[node name="CollisionShape3D" type="CollisionShape3D" parent="objects/Collisions/Burgers/burger47/StaticBody3D"]
transform = Transform3D(1, 0, 0, 0, 1, 0, 0, 0, 1, 0, 0.414063, 0)
shape = SubResource("BoxShape3D_756tr")

[node name="burger48" parent="objects/Collisions/Burgers" instance=ExtResource("3_2qhx2")]
transform = Transform3D(-0.323372, 0, 0.946272, 0, 1, 0, -0.946272, 0, -0.323372, -9.94008, 1.39492, -7.21644)

[node name="StaticBody3D" type="StaticBody3D" parent="objects/Collisions/Burgers/burger48"]

[node name="CollisionShape3D" type="CollisionShape3D" parent="objects/Collisions/Burgers/burger48/StaticBody3D"]
transform = Transform3D(1, 0, 0, 0, 1, 0, 0, 0, 1, 0, 0.414063, 0)
shape = SubResource("BoxShape3D_756tr")

[node name="billboard_exported" parent="objects/Collisions/Burgers" instance=ExtResource("5_tddp3")]
transform = Transform3D(-0.866025, 0, -0.5, 0, 1, 0, 0.5, 0, -0.866025, 5.99946, 1.96959, 2.53003)

[node name="Tree" parent="objects/Collisions" instance=ExtResource("7_hjk4y")]
transform = Transform3D(1, 0, 0, 0, 1, 0, 0, 0, 1, 6.15629, 0, 8.9746)

[node name="Tree3" parent="objects/Collisions" instance=ExtResource("7_hjk4y")]
transform = Transform3D(1, 0, 0, 0, 1, 0, 0, 0, 1, -3.94828, 0, -6.64487)
treeMesh = 2

[node name="Tree2" parent="objects/Collisions" instance=ExtResource("7_hjk4y")]
transform = Transform3D(1, 0, 0, 0, 1, 0, 0, 0, 1, -5.384, 0, 8.955)
treeMesh = 1

[node name="Hurtboxes" type="Node3D" parent="objects"]

[node name="RespawnPoints" type="Node3D" parent="."]

[node name="StandardRespawn" type="Node3D" parent="RespawnPoints"]

[node name="ScnRespawnStandard" parent="RespawnPoints/StandardRespawn" instance=ExtResource("5_00pt0")]
transform = Transform3D(1, 0, 0, 0, 1, 0, 0, 0, 1, 0.358804, 0, 8.47894)

[node name="ScnRespawnStandard2" parent="RespawnPoints/StandardRespawn" instance=ExtResource("5_00pt0")]
transform = Transform3D(1, 0, 0, 0, 1, 0, 0, 0, 1, 27.025, 0, 37.056)

[node name="ScnRespawnStandard3" parent="RespawnPoints/StandardRespawn" instance=ExtResource("5_00pt0")]
transform = Transform3D(1, 0, 0, 0, 1, 0, 0, 0, 1, -30.754, 0, -14.989)

[node name="ConditionalRespawn" type="Node3D" parent="RespawnPoints"]

[node name="ScnNpc" parent="." instance=ExtResource("7_2qhx2")]
transform = Transform3D(1, 0, 0, 0, 1, 0, 0, 0, 1, 0.159743, 9.53674e-07, -1.43998)

[node name="table" parent="." instance=ExtResource("8_cljva")]
transform = Transform3D(0, 0, -1, 0, 1, 0, 1, 0, 0, -8.74733, 0, 2.24995)

[node name="StaticBody3D" type="StaticBody3D" parent="table"]

[node name="CollisionShape3D" type="CollisionShape3D" parent="table/StaticBody3D"]
transform = Transform3D(1, 0, 0, 0, 1, 0, 0, 0, 1, -0.0135498, 0.449768, -8.68877)
shape = SubResource("BoxShape3D_00pt0")
